7.43999844416976e-05
3.390002530068159e-05
4.5599997974932194e-05
5.949998740106821e-05
5.4699950851500034e-05
3.50000336766243e-05
3.860006108880043e-05
3.6400044336915016e-05
0.0002885999856516719
4.349998198449612e-05
5.500006955116987e-05
5.470006726682186e-05
8.380005601793528e-05
7.260008715093136e-05
3.7400051951408386e-05
7.479998748749495e-05
3.9499951526522636e-05
8.79000872373581e-05
9.849993512034416e-05
6.170000415295362e-05
5.840009544044733e-05
5.100003909319639e-05
6.360001862049103e-05
3.6400044336915016e-05
3.69000481441617e-05
4.809990059584379e-05
3.7499936297535896e-05
4.630000330507755e-05
3.820005804300308e-05
3.600004129111767e-05
6.800005212426186e-05
3.590004052966833e-05
4.67000063508749e-05
4.309997893869877e-05
6.140000186860561e-05
1.5700003132224083e-05
3.0800001695752144e-05
3.2800016924738884e-05
5.500006955116987e-05
1.5700003132224083e-05
2.3400061763823032e-05
1.810002140700817e-05
2.829998265951872e-05
1.7200014553964138e-05
1.5099998563528061e-05
2.010003663599491e-05
2.7300091460347176e-05
2.7699978090822697e-05
2.0900042727589607e-05
1.4999997802078724e-05
1.5900004655122757e-05
1.9399914890527725e-05
1.580000389367342e-05
1.8000020645558834e-05
1.3499986380338669e-05
3.330002073198557e-05
3.029999788850546e-05
2.1200045011937618e-05
2.9699993319809437e-05
1.4499993994832039e-05
1.3399985618889332e-05
2.3099943064153194e-05
1.8200022168457508e-05
1.5400000847876072e-05
1.4499993994832039e-05
3.0000112019479275e-05
1.680001150816679e-05
2.3600063286721706e-05
1.580000389367342e-05
1.4400109648704529e-05
1.680001150816679e-05
1.950003206729889e-05
2.0999927073717117e-05
1.8200022168457508e-05
1.4699995517730713e-05
1.8600025214254856e-05
2.319994382560253e-05
2.9699993319809437e-05
1.7099897377192974e-05
1.5600002370774746e-05
3.15000070258975e-05
1.9600032828748226e-05
1.550000160932541e-05
2.150004729628563e-05
1.6700010746717453e-05
1.4999997802078724e-05
1.650000922381878e-05
1.910002902150154e-05
2.5499961338937283e-05
1.4499993994832039e-05
1.5600002370774746e-05
1.6400008462369442e-05
2.4499953724443913e-05
1.6200006939470768e-05
1.4599994756281376e-05
1.8200022168457508e-05
1.550000160932541e-05
2.0200037397444248e-05
1.759990118443966e-05
1.4899997040629387e-05
1.680001150816679e-05
3.869994543492794e-05
1.7799902707338333e-05
2.320006024092436e-05
1.8700025975704193e-05
1.71000137925148e-05
1.7700018361210823e-05
1.8300022929906845e-05
1.8300022929906845e-05
2.6999972760677338e-05
1.9200029782950878e-05
1.580000389367342e-05
3.15000070258975e-05
1.5199999324977398e-05
2.4400069378316402e-05
1.4499993994832039e-05
1.6400008462369442e-05
1.71000137925148e-05
1.610000617802143e-05
1.5700003132224083e-05
3.4400029107928276e-05
1.5300000086426735e-05
2.5999965146183968e-05
1.550000160932541e-05
1.379998866468668e-05
3.85999446734786e-05
1.6300007700920105e-05
3.460003063082695e-05
2.059992402791977e-05
1.4299992471933365e-05
1.6000005416572094e-05
2.129992935806513e-05
1.9000028260052204e-05
1.4999997802078724e-05
1.7400016076862812e-05
1.7400016076862812e-05
1.8299906514585018e-05
1.7000013031065464e-05
1.9999919459223747e-05
1.4499993994832039e-05
1.6700010746717453e-05
3.1899893656373024e-05
3.160000778734684e-05
2.310005947947502e-05
1.5400000847876072e-05
1.8300022929906845e-05
3.1400006264448166e-05
2.9199989512562752e-05
1.5600002370774746e-05
4.029995761811733e-05
1.8400023691356182e-05
1.8000020645558834e-05
4.880002234131098e-05
2.3900065571069717e-05
3.620004281401634e-05
1.780001912266016e-05
2.320006024092436e-05
3.2100011594593525e-05
2.150004729628563e-05
2.310005947947502e-05
1.750001683831215e-05
3.350002225488424e-05
1.6000005416572094e-05
1.580000389367342e-05
2.2099935449659824e-05
2.9999995604157448e-05
2.0699924789369106e-05
2.059992402791977e-05
2.0900042727589607e-05
1.9300030544400215e-05
1.780001912266016e-05
2.6099965907633305e-05
1.680001150816679e-05
2.180004958063364e-05
4.0199956856667995e-05
1.550000160932541e-05
2.2799940779805183e-05
1.580000389367342e-05
2.0400038920342922e-05
1.910002902150154e-05
1.5199999324977398e-05
2.510007470846176e-05
1.9900035113096237e-05
1.4699995517730713e-05
1.7799902707338333e-05
2.5900080800056458e-05
3.1100003980100155e-05
2.3499946109950542e-05
1.5900004655122757e-05
1.580000389367342e-05
1.8700025975704193e-05
2.429995220154524e-05
2.150004729628563e-05
1.4199991710484028e-05
6.390002090483904e-05
1.6700010746717453e-05
3.260001540184021e-05
3.120000474154949e-05
2.3399945348501205e-05
4.549999721348286e-05
1.6000005416572094e-05
1.550000160932541e-05
4.650000482797623e-05
2.9999995604157448e-05
3.50000336766243e-05
2.2799940779805183e-05
1.550000160932541e-05
2.9699993319809437e-05
1.8399907276034355e-05
3.120000474154949e-05
1.6400008462369442e-05
2.0300038158893585e-05
1.7000013031065464e-05
1.9000028260052204e-05
2.3600063286721706e-05
2.6999972760677338e-05
4.930002614855766e-05
1.4999997802078724e-05
1.5900004655122757e-05
3.630004357546568e-05
3.969995304942131e-05
2.2999942302703857e-05
1.750001683831215e-05
3.320001997053623e-05
1.7000013031065464e-05
1.759990118443966e-05
3.300001844763756e-05
1.9099912606179714e-05
2.480007242411375e-05
4.650000482797623e-05
1.5300000086426735e-05
3.3100019209086895e-05
2.4799956008791924e-05
3.450002986937761e-05
2.0299921743571758e-05
2.8099981136620045e-05
3.42000275850296e-05
3.15000070258975e-05
1.8099904991686344e-05
1.6400008462369442e-05
2.2900057956576347e-05
3.560003824532032e-05
2.2900057956576347e-05
3.120000474154949e-05
3.15000070258975e-05
2.1300045773386955e-05
3.5800039768218994e-05
1.650000922381878e-05
3.499991726130247e-05
1.9300030544400215e-05
1.6000005416572094e-05
4.850002005696297e-05
1.5900004655122757e-05
1.8499908037483692e-05
1.5600002370774746e-05
1.7000013031065464e-05
1.5700003132224083e-05
3.1100003980100155e-05
2.0799925550818443e-05
1.5400000847876072e-05
1.5400000847876072e-05
4.2199972085654736e-05
2.1499930880963802e-05
1.7600017599761486e-05
1.610000617802143e-05
2.180004958063364e-05
3.260001540184021e-05
3.829994238913059e-05
3.060000017285347e-05
2.1300045773386955e-05
1.6000005416572094e-05
3.409991040825844e-05
3.100000321865082e-05
1.68998958542943e-05
1.6400008462369442e-05
2.329994458705187e-05
1.5199999324977398e-05
1.9600032828748226e-05
1.4899997040629387e-05
6.970006506890059e-05
3.0800001695752144e-05
1.9900035113096237e-05
1.5900004655122757e-05
3.350002225488424e-05
1.5400000847876072e-05
2.2499938495457172e-05
1.5600002370774746e-05
3.2400013878941536e-05
1.5099998563528061e-05
1.7400016076862812e-05
2.259993925690651e-05
1.7900019884109497e-05
3.879994619637728e-05
1.5600002370774746e-05
1.610000617802143e-05
1.750001683831215e-05
1.650000922381878e-05
3.330002073198557e-05
1.5900004655122757e-05
3.96000687032938e-05
2.5900080800056458e-05
1.5900004655122757e-05
2.150004729628563e-05
1.550000160932541e-05
2.429995220154524e-05
2.0400038920342922e-05
2.4499953724443913e-05
1.7700018361210823e-05
1.5700003132224083e-05
3.15000070258975e-05
1.71000137925148e-05
1.9300030544400215e-05
1.6300007700920105e-05
1.550000160932541e-05
3.079988528043032e-05
1.5900004655122757e-05
1.750001683831215e-05
1.5099998563528061e-05
2.5699962861835957e-05
3.3800024539232254e-05
1.780001912266016e-05
2.010003663599491e-05
1.850002445280552e-05
1.7999904230237007e-05
2.3799948394298553e-05
1.4899997040629387e-05
1.5199999324977398e-05
3.2800016924738884e-05
1.5400000847876072e-05
3.0499999411404133e-05
1.7700018361210823e-05
1.5300000086426735e-05
1.6000005416572094e-05
1.5900004655122757e-05
1.7700018361210823e-05
1.7900019884109497e-05
1.550000160932541e-05
1.550000160932541e-05
1.5099998563528061e-05
2.989999484270811e-05
1.580000389367342e-05
1.780001912266016e-05
1.8900027498602867e-05
1.580000389367342e-05
1.6200006939470768e-05
1.580000389367342e-05
3.23000131174922e-05
1.5799887478351593e-05
1.8299906514585018e-05
3.66999302059412e-05
4.47999918833375e-05
1.6399892047047615e-05
3.1299889087677e-05
3.3800024539232254e-05
1.6300007700920105e-05
1.7699901945888996e-05
4.1800085455179214e-05
3.250001464039087e-05
3.220001235604286e-05
2.150004729628563e-05
7.609999738633633e-05
3.23000131174922e-05
3.1100003980100155e-05
1.5600002370774746e-05
3.060000017285347e-05
1.6000005416572094e-05
3.029999788850546e-05
2.1400046534836292e-05
1.7300015315413475e-05
2.0799925550818443e-05
4.780001472681761e-05
2.4099950678646564e-05
1.5600002370774746e-05
1.659989356994629e-05
1.859990879893303e-05
1.550000160932541e-05
2.159993164241314e-05
4.700000863522291e-05
3.769993782043457e-05
3.070000093430281e-05
3.130000550299883e-05
3.060000017285347e-05
1.550000160932541e-05
1.6200006939470768e-05
2.9699993319809437e-05
1.5300000086426735e-05
3.170000854879618e-05
1.5400000847876072e-05
1.5700003132224083e-05
3.1800009310245514e-05
1.5199999324977398e-05
1.7400016076862812e-05
1.880002673715353e-05
3.0099996365606785e-05
1.8000020645558834e-05
1.4599994756281376e-05
2.9099988751113415e-05
2.180004958063364e-05
2.150004729628563e-05
2.1300045773386955e-05
2.489995677024126e-05
3.7100049667060375e-05
3.0800001695752144e-05
1.4999997802078724e-05
2.5600078515708447e-05
1.680001150816679e-05
2.610008232295513e-05
1.610000617802143e-05
1.5600002370774746e-05
2.5700079277157784e-05
1.5099998563528061e-05
2.22999369725585e-05
1.6300007700920105e-05
1.680001150816679e-05
1.580000389367342e-05
1.4999997802078724e-05
1.6600009985268116e-05
1.5600002370774746e-05
2.010003663599491e-05
1.810002140700817e-05
1.550000160932541e-05
2.0700041204690933e-05
1.919991336762905e-05
1.5400000847876072e-05
1.5199999324977398e-05
2.9099988751113415e-05
1.4499993994832039e-05
1.880002673715353e-05
3.120000474154949e-05
4.4599990360438824e-05
3.130000550299883e-05
1.4299992471933365e-05
1.610000617802143e-05
1.8900027498602867e-05
1.610000617802143e-05
1.6699894331395626e-05
3.720005042850971e-05
1.5199999324977398e-05
1.6000005416572094e-05
2.3399945348501205e-05
1.5900004655122757e-05
1.810002140700817e-05
3.0499999411404133e-05
2.2600055672228336e-05
1.580000389367342e-05
4.6200002543628216e-05
2.0099920220673084e-05
2.989999484270811e-05
2.6999972760677338e-05
4.0800077840685844e-05
1.71000137925148e-05
1.7600017599761486e-05
2.5799963623285294e-05
1.919991336762905e-05
3.220001235604286e-05
3.920006565749645e-05
1.479999627918005e-05
3.0499999411404133e-05
1.5700003132224083e-05
2.1400046534836292e-05
2.280005719512701e-05
1.9099912606179714e-05
3.630004357546568e-05
1.5900004655122757e-05
1.6900012269616127e-05
4.509999416768551e-05
2.929999027401209e-05
1.479999627918005e-05
1.7300015315413475e-05
1.6000005416572094e-05
2.9699993319809437e-05
2.3700064048171043e-05
3.060000017285347e-05
1.750001683831215e-05
1.8699909560382366e-05
1.5699886716902256e-05
1.8000020645558834e-05
4.079996142536402e-05
1.5099998563528061e-05
1.5300000086426735e-05
1.6600009985268116e-05
1.850002445280552e-05
1.8799910321831703e-05
1.4999997802078724e-05
1.5199999324977398e-05
3.23000131174922e-05
3.830005880445242e-05
1.5199999324977398e-05
1.4999997802078724e-05
1.4899997040629387e-05
2.5400076992809772e-05
1.5900004655122757e-05
2.4399952962994576e-05
1.5600002370774746e-05
1.9600032828748226e-05
2.0499923266470432e-05
3.0399998649954796e-05
1.589988823980093e-05
1.5900004655122757e-05
2.129992935806513e-05
1.4599994756281376e-05
2.2600055672228336e-05
1.789990346878767e-05
2.1400046534836292e-05
1.4999997802078724e-05
3.0800001695752144e-05
3.47999157384038e-05
1.5400000847876072e-05
2.110004425048828e-05
1.580000389367342e-05
1.5099998563528061e-05
1.6000005416572094e-05
2.2500054910779e-05
1.850002445280552e-05
2.989999484270811e-05
3.0499999411404133e-05
1.5099998563528061e-05
2.0499923266470432e-05
1.5400000847876072e-05
1.6200006939470768e-05
2.6700086891651154e-05
1.9600032828748226e-05
1.98000343516469e-05
1.550000160932541e-05
2.0999927073717117e-05
1.5300000086426735e-05
1.5700003132224083e-05
1.8200022168457508e-05
1.479999627918005e-05
2.050003968179226e-05
1.610000617802143e-05
1.680001150816679e-05
1.6700010746717453e-05
1.6300007700920105e-05
1.850002445280552e-05
3.0199997127056122e-05
2.610008232295513e-05
1.4899997040629387e-05
1.71000137925148e-05
1.4899997040629387e-05
1.4599994756281376e-05
1.5300000086426735e-05
4.469999112188816e-05
2.9199989512562752e-05
1.8700025975704193e-05
3.029999788850546e-05
1.5400000847876072e-05
2.2699940018355846e-05
1.4699995517730713e-05
1.7600017599761486e-05
3.42000275850296e-05
1.7700018361210823e-05
1.850002445280552e-05
3.0099996365606785e-05
1.910002902150154e-05
1.7400016076862812e-05
3.430002834647894e-05
1.6900012269616127e-05
1.8400023691356182e-05
2.519995905458927e-05
2.1300045773386955e-05
2.41999514400959e-05
7.409998215734959e-05
4.0899962186813354e-05
4.339998122304678e-05
9.640003554522991e-05
4.039995837956667e-05
6.510003004223108e-05
5.340005736798048e-05
7.639999967068434e-05
3.659992944449186e-05
2.1900050342082977e-05
4.870002157986164e-05
6.660004146397114e-05
4.47999918833375e-05
9.670003782957792e-05
2.3400061763823032e-05
3.820005804300308e-05
7.099995855242014e-05
8.610007353127003e-05
4.509999416768551e-05
2.9099988751113415e-05
7.609999738633633e-05
3.9199949242174625e-05
7.46001023799181e-05
7.139996159821749e-05
2.3499946109950542e-05
5.8699981309473515e-05
5.0600036047399044e-05
7.16999638825655e-05
4.439998883754015e-05
5.1999930292367935e-05
4.880002234131098e-05
6.909994408488274e-05
8.330005221068859e-05
5.5699958465993404e-05
3.599992487579584e-05
1.950003206729889e-05
2.110004425048828e-05
1.9700033590197563e-05
1.580000389367342e-05
2.3999949917197227e-05
1.8499908037483692e-05
2.289994154125452e-05
1.9700033590197563e-05
1.5700003132224083e-05
1.4899997040629387e-05
2.310005947947502e-05
1.4699995517730713e-05
2.8499984182417393e-05
2.0400038920342922e-05
1.5300000086426735e-05
1.6200006939470768e-05
2.0999927073717117e-05
2.5699962861835957e-05
1.4999997802078724e-05
1.6099889762699604e-05
1.5300000086426735e-05
1.4399993233382702e-05
2.41999514400959e-05
3.070000093430281e-05
1.4399993233382702e-05
2.489995677024126e-05
1.7700018361210823e-05
2.7700094506144524e-05
1.6600009985268116e-05
1.5199999324977398e-05
1.4999997802078724e-05
1.8900027498602867e-05
2.150004729628563e-05
2.389994915574789e-05
3.699993249028921e-05
1.479999627918005e-05
2.0300038158893585e-05
1.9099912606179714e-05
1.5199999324977398e-05
2.659996971487999e-05
1.8400023691356182e-05
5.3999945521354675e-05
1.4499993994832039e-05
1.4999997802078724e-05
1.4299992471933365e-05
2.1700048819184303e-05
2.719997428357601e-05
1.9600032828748226e-05
2.810009755194187e-05
2.0400038920342922e-05
3.529991954565048e-05
1.71000137925148e-05
1.6300007700920105e-05
1.9900035113096237e-05
3.509991802275181e-05
2.789997961372137e-05
2.3799948394298553e-05
2.720009069889784e-05
1.8000020645558834e-05
2.8199981898069382e-05
1.650000922381878e-05
3.809994086623192e-05
1.6400008462369442e-05
2.2799940779805183e-05
1.680001150816679e-05
1.4899997040629387e-05
2.189993392676115e-05
1.8000020645558834e-05
1.4299992471933365e-05
2.6000081561505795e-05
2.4099950678646564e-05
4.070007707923651e-05
1.5700003132224083e-05
2.220005262643099e-05
2.010003663599491e-05
2.0300038158893585e-05
1.680001150816679e-05
1.580000389367342e-05
1.98000343516469e-05
2.4300068616867065e-05
2.0999927073717117e-05
1.4999997802078724e-05
1.479999627918005e-05
1.759990118443966e-05
4.2899977415800095e-05
4.8900023102760315e-05
1.650000922381878e-05
5.380006041377783e-05
1.8400023691356182e-05
1.4599994756281376e-05
1.5199999324977398e-05
1.659989356994629e-05
1.650000922381878e-05
1.750001683831215e-05
5.209993105381727e-05
1.650000922381878e-05
1.4899997040629387e-05
3.3800024539232254e-05
1.5099998563528061e-05
2.1699932403862476e-05
2.220005262643099e-05
2.71000899374485e-05
1.6700010746717453e-05
1.6700010746717453e-05
1.7200014553964138e-05
3.160000778734684e-05
2.2799940779805183e-05
2.2099935449659824e-05
1.71000137925148e-05
2.7699978090822697e-05
1.610000617802143e-05
3.6400044336915016e-05
1.5400000847876072e-05
1.7400016076862812e-05
1.650000922381878e-05
2.2500054910779e-05
1.9300030544400215e-05
3.270001616328955e-05
7.589999586343765e-05
1.810002140700817e-05
2.3499946109950542e-05
1.7400016076862812e-05
2.5999965146183968e-05
1.859990879893303e-05
1.719989813864231e-05
3.2100011594593525e-05
1.5700003132224083e-05
2.010003663599491e-05
2.350006252527237e-05
2.0900042727589607e-05
2.2500054910779e-05
4.539999645203352e-05
2.3099943064153194e-05
1.950003206729889e-05
1.8000020645558834e-05
1.4699995517730713e-05
1.479999627918005e-05
2.0600040443241596e-05
3.060000017285347e-05
2.5400076992809772e-05
2.3699947632849216e-05
1.7300015315413475e-05
1.7000013031065464e-05
1.5099998563528061e-05
3.330002073198557e-05
2.9099988751113415e-05
2.5099958293139935e-05
2.389994915574789e-05
1.850002445280552e-05
1.5199999324977398e-05
3.3100019209086895e-05
1.580000389367342e-05
2.0799925550818443e-05
3.400002606213093e-05
2.3600063286721706e-05
3.270001616328955e-05
3.2400013878941536e-05
1.6300007700920105e-05
1.4999997802078724e-05
1.8700025975704193e-05
2.2400054149329662e-05
1.4699995517730713e-05
3.590004052966833e-05
1.95999164134264e-05
1.6900012269616127e-05
1.650000922381878e-05
3.490003291517496e-05
1.4199991710484028e-05
2.989999484270811e-05
1.9200029782950878e-05
1.5400000847876072e-05
3.220001235604286e-05
1.7700018361210823e-05
1.9200029782950878e-05
3.190001007169485e-05
2.050003968179226e-05
1.580000389367342e-05
1.5700003132224083e-05
3.9100064896047115e-05
2.210005186498165e-05
2.1399930119514465e-05
1.479999627918005e-05
3.429991193115711e-05
1.910002902150154e-05
3.2400013878941536e-05
2.9799994081258774e-05
1.5900004655122757e-05
1.6900012269616127e-05
1.810002140700817e-05
1.4699995517730713e-05
1.950003206729889e-05
1.580000389367342e-05
2.650008536875248e-05
3.279990050941706e-05
2.6399968191981316e-05
1.5199999324977398e-05
3.520003519952297e-05
1.9300030544400215e-05
1.8300022929906845e-05
3.729993477463722e-05
1.7400016076862812e-05
4.5599997974932194e-05
1.5300000086426735e-05
3.0499999411404133e-05
2.459995448589325e-05
2.219993621110916e-05
2.0200037397444248e-05
1.950003206729889e-05
1.7600017599761486e-05
3.1100003980100155e-05
2.6899971999228e-05
1.6400008462369442e-05
1.479999627918005e-05
1.71000137925148e-05
3.0099996365606785e-05
1.8200022168457508e-05
1.4899997040629387e-05
1.5900004655122757e-05
2.889998722821474e-05
2.95999925583601e-05
3.0499999411404133e-05
1.6200006939470768e-05
4.710000939667225e-05
1.98000343516469e-05
2.529995981603861e-05
1.8900027498602867e-05
1.610000617802143e-05
4.299997817724943e-05
1.9900035113096237e-05
1.819990575313568e-05
1.6600009985268116e-05
1.98000343516469e-05
1.5700003132224083e-05
1.9600032828748226e-05
3.130000550299883e-05
1.8600025214254856e-05
2.320006024092436e-05
2.180004958063364e-05
1.5099998563528061e-05
1.8399907276034355e-05
3.800005652010441e-05
1.9300030544400215e-05
2.6999972760677338e-05
2.0600040443241596e-05
2.0999927073717117e-05
2.9999995604157448e-05
1.4899997040629387e-05
2.110004425048828e-05
1.780001912266016e-05
3.060000017285347e-05
2.650008536875248e-05
3.800005652010441e-05
2.1399930119514465e-05
2.159993164241314e-05
2.9999995604157448e-05
1.5600002370774746e-05
2.7799978852272034e-05
3.900006413459778e-05
2.2500054910779e-05
3.270001616328955e-05
2.1699932403862476e-05
2.3000058718025684e-05
1.4899997040629387e-05
1.8299906514585018e-05
2.389994915574789e-05
1.5400000847876072e-05
2.1099927835166454e-05
1.5900004655122757e-05
3.190001007169485e-05
2.6499968953430653e-05
3.250001464039087e-05
2.110004425048828e-05
1.4499993994832039e-05
1.650000922381878e-05
1.5400000847876072e-05
2.4499953724443913e-05
2.0300038158893585e-05
2.22999369725585e-05
2.219993621110916e-05
3.6800047382712364e-05
1.8600025214254856e-05
1.9300030544400215e-05
2.059992402791977e-05
3.3400021493434906e-05
1.4599994756281376e-05
1.7600017599761486e-05
1.550000160932541e-05
1.5700003132224083e-05
1.5199999324977398e-05
1.6700010746717453e-05
1.5300000086426735e-05
1.5600002370774746e-05
3.520003519952297e-05
1.7600017599761486e-05
2.4700071662664413e-05
1.95999164134264e-05
4.47999918833375e-05
3.3199903555214405e-05
1.5400000847876072e-05
2.1700048819184303e-05
1.8000020645558834e-05
1.7200014553964138e-05
2.859998494386673e-05
2.2000051103532314e-05
1.7400016076862812e-05
2.820009831339121e-05
2.0600040443241596e-05
2.410006709396839e-05
2.7699978090822697e-05
1.9299914129078388e-05
2.0600040443241596e-05
1.7900019884109497e-05
2.180004958063364e-05
1.9600032828748226e-05
1.550000160932541e-05
1.850002445280552e-05
2.019992098212242e-05
2.2500054910779e-05
1.6200006939470768e-05
1.4999997802078724e-05
1.5199999324977398e-05
5.159992724657059e-05
3.0199997127056122e-05
3.070000093430281e-05
4.3899985030293465e-05
1.6000005416572094e-05
3.0199997127056122e-05
1.7600017599761486e-05
2.8099981136620045e-05
3.47999157384038e-05
1.4999997802078724e-05
3.300001844763756e-05
2.0099920220673084e-05
1.5300000086426735e-05
3.320001997053623e-05
1.810002140700817e-05
1.8300022929906845e-05
2.480007242411375e-05
2.389994915574789e-05
3.029999788850546e-05
3.400002606213093e-05
1.6400008462369442e-05
1.5300000086426735e-05
1.810002140700817e-05
1.5300000086426735e-05
1.6400008462369442e-05
1.6200006939470768e-05
2.0900042727589607e-05
1.9700033590197563e-05
1.8000020645558834e-05
2.9399991035461426e-05
1.5700003132224083e-05
1.5999889001250267e-05
3.450002986937761e-05
3.3400021493434906e-05
1.780001912266016e-05
2.2300053387880325e-05
3.329990431666374e-05
1.5700003132224083e-05
2.0200037397444248e-05
1.6300007700920105e-05
2.0400038920342922e-05
1.680001150816679e-05
1.5199999324977398e-05
2.3999949917197227e-05
1.4599994756281376e-05
2.8900103643536568e-05
1.7000013031065464e-05
1.650000922381878e-05
1.479999627918005e-05
3.260001540184021e-05
3.200001083314419e-05
1.4999997802078724e-05
1.610000617802143e-05
1.479999627918005e-05
1.7200014553964138e-05
3.170000854879618e-05
2.6799971237778664e-05
1.9400031305849552e-05
1.950003206729889e-05
1.8999911844730377e-05
1.5199999324977398e-05
3.659992944449186e-05
1.6400008462369442e-05
2.119992859661579e-05
1.6200006939470768e-05
2.2400054149329662e-05
1.5099998563528061e-05
2.9499991796910763e-05
2.1499930880963802e-05
1.5700003132224083e-05
3.3400021493434906e-05
1.6300007700920105e-05
1.4299992471933365e-05
2.350006252527237e-05
4.650000482797623e-05
1.9000028260052204e-05
1.9400031305849552e-05
1.4699995517730713e-05
1.5199999324977398e-05
1.5099998563528061e-05
1.9600032828748226e-05
1.479999627918005e-05
1.5300000086426735e-05
1.550000160932541e-05
2.180004958063364e-05
1.4699995517730713e-05
2.7499976567924023e-05
3.179989289492369e-05
1.4999997802078724e-05
1.7299898900091648e-05
2.159993164241314e-05
1.6300007700920105e-05
4.3899985030293465e-05
1.4999997802078724e-05
1.780001912266016e-05
1.8799910321831703e-05
2.4400069378316402e-05
2.080004196614027e-05
1.5900004655122757e-05
4.680000711232424e-05
1.580000389367342e-05
1.750001683831215e-05
1.479999627918005e-05
2.759997732937336e-05
3.120000474154949e-05
1.8400023691356182e-05
1.550000160932541e-05
2.0300038158893585e-05
1.4399993233382702e-05
3.060000017285347e-05
1.71000137925148e-05
1.610000617802143e-05
1.4899997040629387e-05
1.719989813864231e-05
2.6999972760677338e-05
1.550000160932541e-05
2.3499946109950542e-05
1.4499993994832039e-05
1.4300108887255192e-05
1.6700010746717453e-05
3.070000093430281e-05
2.5400076992809772e-05
3.4899916499853134e-05
3.120000474154949e-05
1.7600017599761486e-05
1.5300000086426735e-05
